1001 23 6.0 0.2
1001 18 3.0 0.7
1001 20 4.0 0.55
1001 10 2.0 1.2
1001 12 4.0 1.2
1001 21 5.0 1.2
1001 11 5.0 1.2
1002 24 2.0 0.2
1003 22 1.0 0.2
1003 12 2.0 0.45
1003 11 1.0 1.1
1003 14 3.0 0.6
1003 21 2.0 1.0
1003 17 5.0 1.8
1003 16 12.0 2.1
1004 17 2.0 0.35
1004 18 1.0 1.1
1004 12 7.0 0.35
1004 19 3.0 1.1
1005 15 1.0 1.1
1005 27 2.0 1.1
1005 25 7.0 1.1
1005 26 8.0 1.1
1005 24 12.0 1.1
1006 14 7.0 0.8
1006 13 8.0 0.8
1006 29 11.0 0.6
1006 21 6.0 1.1
1007 15 1.0 0.8
1007 30 1.0 0.8
1007 28 7.0 0.8
1008 23 1.0 1.0
1008 20 2.0 0.55
1008 13 1.0 1.15
1008 12 4.0 0.45
1008 21 2.0 1.0
1008 15 3.0 1.1
1008 11 4.0 1.1
1008 17 3.0 1.8
1008 30 3.0 2.6
1008 19 8.0 1.2
1009 10 2.0 0.6
1009 20 3.0 0.55
1009 23 2.0 1.0
1009 15 2.0 1.1
1009 16 6.0 0.45
1009 25 3.0 1.3
1010 14 1.0 0.6
1010 20 2.0 0.55
1010 10 2.0 0.6
1010 26 4.0 0.7
1011 21 1.0 1.0
1011 20 3.0 0.55
1011 17 2.0 1.8
1012 20 3.0 0.55
1012 17 1.0 1.8
1012 18 4.0 0.7
1012 15 3.0 1.1
1012 19 3.0 1.2
1012 11 4.0 1.1
1012 27 5.0 1.0
1013 16 1.0 0.45
1013 12 2.0 0.45
1013 22 1.0 1.25
1013 19 2.0 1.2
